模擬回数,8
マリオカートスタジアム,69,51,9
ウォーターパーク,27,25,4
スイーツキャニオン,24,60,6
ドッスンいせき,9,4,1
マリオサーキット,24,31,4
キノピオハーバー,3,10,1
ねじれマンション,13,16,2
ヘイホーこうざん,0,0,0
サンシャインくうこう,0,0,0
ドルフィンみさき,9,30,3
エレクトロドリーム,3,10,1
ワリオスノーマウンテン,1,15,1
スカイガーデン,12,1,1
ホネホネさばく,0,0,0
クッパキャッスル,0,0,0
レインボーロード,0,0,0
モーモーカントリー,0,0,0
GBAマリオサーキット,0,0,0
プクプクビーチ,25,30,4
キノピオハイウェイ,0,0,0
カラカラさばく,0,0,0
ドーナツへいや3,0,0,0
ピーチサーキット,0,0,0
DKジャングル,0,0,0
ワリオスタジアム,0,0,0
シャーベットランド,1,15,1
ミュージックパーク,25,30,4
ヨッシーバレー,5,8,1
チクタクロック,0,0,0
パックンスライダー,0,0,0
グラグラかざん,0,0,0
64レインボーロード,0,0,0
ヨッシーサーキット,0,0,0
エキサイトバイク,0,0,0
ドラゴンロード,23,29,4
ミュートシティ,32,49,6
ベビィパーク,0,0,0
チーズランド,0,0,0
ネイチャーロード,0,0,0
どうぶつの森,5,8,1
ワリオこうざん,1,15,1
SFCレインボーロード,0,0,0
ツルツルツイスター,0,0,0
ハイラルサーキット,27,67,7
ネオクッパシティ,30,9,3
リボンロード,12,1,1
リンリンメトロ,0,0,0
ビッグブルー,14,12,2
パリプロムナード,0,0,0
キノピオサーキット,0,0,0
チョコマウンテン,5,8,1
ココナッツモール,0,0,0
トーキョースクランブル,30,35,5
キノコリッジウェイ,8,5,1
GBAスカイガーデン,0,0,0
ニンニンドージョー,0,0,0
ニューヨークドリーム,0,0,0
SFCマリオサーキット3,0,0,0
64カラカラさばく,0,0,0
ワルイージピンボール,12,1,1
シドニーサンシャイン,0,0,0
スノーランド,39,13,4
キノコキャニオン,26,32,4
アイスビルディング,13,16,2
