模擬回数,0
マリオカートスタジアム,0,0,0
ウォーターパーク,0,0,0
スイーツキャニオン,0,0,0
ドッスンいせき,0,0,0
マリオサーキット,0,0,0
キノピオハーバー,0,0,0
ねじれマンション,0,0,0
ヘイホーこうざん,0,0,0
サンシャイン空港,0,0,0
ドルフィンみさき,0,0,0
エレクトロドリーム,0,0,0
ワリオスノーマウンテン,0,0,0
スカイガーデン,0,0,0
ホネホネさばく,0,0,0
クッパキャッスル,0,0,0
レインボーロード,0,0,0
モーモーカントリー,0,0,0
GBAマリオサーキット,0,0,0
プクプクビーチ,0,0,0
キノピオハイウェイ,0,0,0
カラカラさばく,0,0,0
ドーナツへいや3,0,0,0
ピーチサーキット,0,0,0
DKジャングル,0,0,0
ワリオスタジアム,0,0,0
シャーベットランド,0,0,0
ミュージックパーク,0,0,0
ヨッシーバレー,0,0,0
チクタクロック,0,0,0
パックンスライダー,0,0,0
グラグラかざん,0,0,0
64レインボーロード,0,0,0
ヨッシーサーキット,0,0,0
エキサイトバイク,0,0,0
ドラゴンロード,0,0,0
ミュートシティ,0,0,0
ベビィパーク,0,0,0
チーズランド,0,0,0
ネイチャーロード,0,0,0
どうぶつの森,0,0,0
ワリオこうざん,0,0,0
SFCレインボーロード,0,0,0
ツルツルツイスター,0,0,0
ハイラルサーキット,0,0,0
ネオクッパシティ,0,0,0
リボンロード,0,0,0
リンリンメトロ,0,0,0
ビッグブルー,0,0,0
パリプロムナード,0,0,0
キノピオサーキット,0,0,0
チョコマウンテン,0,0,0
ココナッツモール,0,0,0
トーキョースクランブル,0,0,0
キノコリッジウェイ,0,0,0
GBAスカイガーデン,0,0,0
ニンニンドージョー,0,0,0
ニューヨークドリーム,0,0,0
SFCマリオサーキット3,0,0,0
64カラカラさばく,0,0,0
ワルイージピンボール,0,0,0
シドニーサンシャイン,0,0,0
スノーランド,0,0,0
キノコキャニオン,0,0,0
アイスビルディング,0,0,0
